total number of hotels missing place: 127
"object_id"
541
542
544
8914
35178
44923
53715
76190
92577
92676
92705
93280
93325
93329
93869
100926
102263
104143
104159
112086
138127
154889
168104
168277
168288
168300
168314
168323
168333
168342
168589
168602
169041
169042
169043
169044
169045
169047
169050
169052
169055
169056
169057
169228
169229
169230
169231
169232
169233
169234
169235
169236
169237
169238
169239
169240
169241
169242
169243
169249
169250
169251
169255
169256
169257
169259
169260
169278
169279
169280
169281
169296
169297
169298
169299
169300
169305
169306
169307
169308
169309
169310
169311
169312
169313
169314
169438
169439
169440
169441
169444
169447
169453
169455
169456
169461
169463
169464
169469
169471
169477
169488
169493
169498
169500
169504
178426
178523
178525
178621
184258
194598
220073
221931
222051
222074
222234
222264
222312
222361
222468
222516
222681
223045
223110
223179
223188